0.0000  0.0008  0.5490  0.0394  0.0150  0.3520  0.0078  0.0214  0.0122  0.0024
0.0022  0.0286  0.1352  0.0002  0.0092  0.0198  0.0090  0.0302  0.7520  0.0136
0.0666  0.1026  0.0084  0.0078  0.0318  0.1018  0.0012  0.0624  0.3664  0.2510
0.0498  0.0054  0.8376  0.0004  0.0142  0.0030  0.0004  0.0192  0.0452  0.0248
0.0000  0.0000  0.8464  0.0220  0.0096  0.0180  0.0848  0.0002  0.0078  0.0112
0.0000  0.0000  0.1162  0.4282  0.1188  0.0240  0.3018  0.0106  0.0004  0.0000
0.0026  0.3352  0.0636  0.0076  0.0548  0.0770  0.0000  0.0860  0.0442  0.3290
0.0002  0.0230  0.4884  0.0596  0.0598  0.1078  0.0182  0.0000  0.1154  0.1276
0.0016  0.0020  0.7421  0.0400  0.0094  0.1732  0.0000  0.0204  0.0078  0.0034
0.0000  0.9908  0.0000  0.0000  0.0002  0.0002  0.0000  0.0000  0.0040  0.0048
